0.000000 12.000000
0.010000 31.352895
0.020000 36.048180
0.030000 22.381912
0.040000 -3.763758
0.050000 -29.634021
0.060000 -42.073903
0.070000 -34.388731
0.080000 -9.957962
0.090000 19.351859
0.100000 39.190956
0.110000 40.025959
0.120000 21.927541
0.130000 -5.630817
0.140000 -28.803125
0.150000 -36.536175
0.160000 -26.091682
0.170000 -4.078061
0.180000 17.426542
0.190000 27.466626
0.200000 21.929547
0.210000 5.360829
0.220000 -11.980534
0.230000 -20.080904
0.240000 -14.791039
0.250000 -0.000000
0.260000 14.791039
0.270000 20.080904
0.280000 11.980534
0.290000 -5.360829
0.300000 -21.929547
0.310000 -27.466626
0.320000 -17.426542
0.330000 4.078061
0.340000 26.091682
0.350000 36.536175
0.360000 28.803125
0.370000 5.630817
0.380000 -21.927541
0.390000 -40.025959
0.400000 -39.190956
0.410000 -19.351859
0.420000 9.957962
0.430000 34.388731
0.440000 42.073903
0.450000 29.634021
0.460000 3.763758
0.470000 -22.381912
0.480000 -36.048180
0.490000 -31.352895
0.500000 -12.000000
0.510000 11.089025
0.520000 25.829477
0.530000 25.389909
0.540000 11.534418
0.550000 -6.808665
0.560000 -18.827907
0.570000 -17.959600
0.580000 -5.460811
0.590000 10.516869
0.600000 19.774548
0.610000 16.073318
0.620000 0.896181
0.630000 -17.192905
0.640000 -27.296152
0.650000 -22.429329
0.660000 -3.777046
0.670000 19.496834
0.680000 34.921789
0.690000 33.435183
0.700000 14.513139
0.710000 -13.131489
0.720000 -35.791287
0.730000 -41.796753
0.740000 -27.650882
0.750000 -0.000000
0.760000 27.650882
0.770000 41.796753
0.780000 35.791287
0.790000 13.131489
0.800000 -14.513139
0.810000 -33.435183
0.820000 -34.921789
0.830000 -19.496834
0.840000 3.777046
0.850000 22.429329
0.860000 27.296152
0.870000 17.192905
0.880000 -0.896181
0.890000 -16.073318
0.900000 -19.774548
0.910000 -10.516869
0.920000 5.460811
0.930000 17.959600
0.940000 18.827907
0.950000 6.808665
0.960000 -11.534418
0.970000 -25.389909
0.980000 -25.829477
0.990000 -11.089025
