0.000000 5.000000
0.001137 -0.002934
0.002274 -4.976496
0.003410 -0.061617
0.004547 5.046822
0.005684 -0.014671
0.006821 -4.929302
0.007958 -0.143771
0.009094 5.093395
0.010231 -0.026409
0.011368 -4.881862
0.012505 -0.225920
0.013641 5.139719
0.014778 -0.038148
0.015915 -4.834177
0.017052 -0.308061
0.018189 5.185791
0.019325 -0.049890
0.020462 -4.786247
0.021599 -0.390192
0.022736 5.231611
0.023873 -0.061634
0.025009 -4.738074
0.026146 -0.472309
0.027283 5.277178
0.028420 -0.073383
0.029556 -4.689659
0.030693 -0.554411
0.031830 5.322492
0.032967 -0.085135
0.034104 -4.641003
0.035240 -0.636494
0.036377 5.367550
0.037514 -0.096893
0.038651 -4.592108
0.039788 -0.718555
0.040924 5.412353
0.042061 -0.108657
0.043198 -4.542973
0.044335 -0.800592
0.045472 5.456899
0.046608 -0.120428
0.047745 -4.493601
0.048882 -0.882602
0.050019 5.501187
0.051155 -0.132205
0.052292 -4.443993
0.053429 -0.964582
0.054566 5.545217
0.055703 -0.143991
0.056839 -4.394149
0.057976 -1.046530
0.059113 5.588987
0.060250 -0.155785
0.061387 -4.344072
0.062523 -1.128442
0.063660 5.632497
0.064797 -0.167589
0.065934 -4.293761
0.067071 -1.210316
0.068207 5.675745
0.069344 -0.179403
0.070481 -4.243219
0.071618 -1.292148
0.072754 5.718732
0.073891 -0.191228
0.075028 -4.192446
0.076165 -1.373938
0.077302 5.761455
0.078438 -0.203064
0.079575 -4.141445
0.080712 -1.455680
0.081849 5.803915
0.082986 -0.214912
0.084122 -4.090215
0.085259 -1.537374
0.086396 5.846111
0.087533 -0.226774
0.088669 -4.038758
0.089806 -1.619015
0.090943 5.888040
0.092080 -0.238648
0.093217 -3.987076
0.094353 -1.700602
0.095490 5.929704
0.096627 -0.250538
0.097764 -3.935170
0.098901 -1.782131
0.100037 5.971101
0.101174 -0.262442
0.102311 -3.883041
0.103448 -1.863599
0.104585 6.012230
0.105721 -0.274362
0.106858 -3.830690
0.107995 -1.945005
0.109132 6.053091
0.110268 -0.286298
0.111405 -3.778119
0.112542 -2.026345
0.113679 6.093683
0.114816 -0.298252
0.115952 -3.725329
0.117089 -2.107616
0.118226 6.134004
0.119363 -0.310223
0.120500 -3.672322
0.121636 -2.188816
0.122773 6.174055
0.123910 -0.322213
0.125047 -3.619098
0.126183 -2.269943
0.127320 6.213835
0.128457 -0.334222
0.129594 -3.565659
0.130731 -2.350992
0.131867 6.253342
0.133004 -0.346251
0.134141 -3.512006
0.135278 -2.431962
0.136415 6.292577
0.137551 -0.358300
0.138688 -3.458142
0.139825 -2.512849
0.140962 6.331539
0.142099 -0.370370
0.143235 -3.404066
0.144372 -2.593652
0.145509 6.370226
0.146646 -0.382463
0.147782 -3.349782
0.148919 -2.674366
0.150056 6.408639
0.151193 -0.394578
0.152330 -3.295289
0.153466 -2.754991
0.154603 6.446777
0.155740 -0.406716
0.156877 -3.240590
0.158014 -2.835522
0.159150 6.484639
0.160287 -0.418878
0.161424 -3.185685
0.162561 -2.915958
0.163697 6.522224
0.164834 -0.431065
0.165971 -3.130577
0.167108 -2.996294
0.168245 6.559532
0.169381 -0.443277
0.170518 -3.075267
0.171655 -3.076530
0.172792 6.596562
0.173929 -0.455516
0.175065 -3.019756
0.176202 -3.156661
0.177339 6.633314
0.178476 -0.467780
0.179613 -2.964045
0.180749 -3.236686
0.181886 6.669788
0.183023 -0.480072
0.184160 -2.908137
0.185296 -3.316602
0.186433 6.705982
0.187570 -0.492392
0.188707 -2.852033
0.189844 -3.396405
0.190980 6.741896
0.192117 -0.504741
0.193254 -2.795734
0.194391 -3.476094
0.195528 6.777530
0.196664 -0.517118
0.197801 -2.739241
0.198938 -3.555665
0.200075 6.812883
0.201212 -0.529526
0.202348 -2.682557
0.203485 -3.635116
0.204622 6.847955
0.205759 -0.541964
0.206895 -2.625683
0.208032 -3.714444
0.209169 6.882745
0.210306 -0.554434
0.211443 -2.568620
0.212579 -3.793647
0.213716 6.917252
0.214853 -0.566935
0.215990 -2.511370
0.217127 -3.872721
0.218263 6.951477
0.219400 -0.579469
0.220537 -2.453935
0.221674 -3.951665
0.222810 6.985419
0.223947 -0.592036
0.225084 -2.396315
0.226221 -4.030475
0.227358 7.019077
0.228494 -0.604637
0.229631 -2.338514
0.230768 -4.109150
0.231905 7.052451
0.233042 -0.617272
0.234178 -2.280532
0.235315 -4.187685
0.236452 7.085541
0.237589 -0.629942
0.238726 -2.222370
0.239862 -4.266079
0.240999 7.118346
0.242136 -0.642648
0.243273 -2.164032
0.244409 -4.344329
0.245546 7.150866
0.246683 -0.655390
0.247820 -2.105517
0.248957 -4.422432
0.250093 7.183100
0.251230 -0.668169
0.252367 -2.046829
0.253504 -4.500387
0.254641 7.215049
0.255777 -0.680985
0.256914 -1.987968
0.258051 -4.578189
0.259188 7.246711
0.260324 -0.693840
0.261461 -1.928936
0.262598 -4.655837
0.263735 7.278087
0.264872 -0.706733
0.266008 -1.869735
0.267145 -4.733327
0.268282 7.309176
0.269419 -0.719666
0.270556 -1.810366
0.271692 -4.810658
0.272829 7.339977
0.273966 -0.732639
0.275103 -1.750832
0.276240 -4.887827
0.277376 7.370492
0.278513 -0.745652
0.279650 -1.691134
0.280787 -4.964831
0.281923 7.400719
0.283060 -0.758707
0.284197 -1.631274
0.285334 -5.041667
0.286471 7.430657
0.287607 -0.771803
0.288744 -1.571253
0.289881 -5.118333
0.291018 7.460308
0.292155 -0.784941
0.293291 -1.511073
0.294428 -5.194827
0.295565 7.489670
0.296702 -0.798123
0.297838 -1.450736
0.298975 -5.271146
0.300112 7.518744
0.301249 -0.811348
0.302386 -1.390243
0.303522 -5.347286
0.304659 7.547529
0.305796 -0.824617
0.306933 -1.329598
0.308070 -5.423247
0.309206 7.576024
0.310343 -0.837931
0.311480 -1.268800
0.312617 -5.499025
0.313754 7.604231
0.314890 -0.851289
0.316027 -1.207852
0.317164 -5.574618
0.318301 7.632148
0.319437 -0.864694
0.320574 -1.146757
0.321711 -5.650022
0.322848 7.659775
0.323985 -0.878145
0.325121 -1.085514
0.326258 -5.725237
0.327395 7.687113
0.328532 -0.891643
0.329669 -1.024128
0.330805 -5.800258
0.331942 7.714161
0.333079 -0.905188
0.334216 -0.962598
0.335353 -5.875084
0.336489 7.740919
0.337626 -0.918782
0.338763 -0.900928
0.339900 -5.949713
0.341036 7.767387
0.342173 -0.932424
0.343310 -0.839118
0.344447 -6.024141
0.345584 7.793565
0.346720 -0.946115
0.347857 -0.777171
0.348994 -6.098366
0.350131 7.819453
0.351268 -0.959855
0.352404 -0.715089
0.353541 -6.172386
0.354678 7.845050
0.355815 -0.973646
0.356951 -0.652874
0.358088 -6.246198
0.359225 7.870357
0.360362 -0.987487
0.361499 -0.590527
0.362635 -6.319800
0.363772 7.895373
0.364909 -1.001380
0.366046 -0.528050
0.367183 -6.393189
0.368319 7.920099
0.369456 -1.015324
0.370593 -0.465445
0.371730 -6.466363
0.372867 7.944534
0.374003 -1.029320
0.375140 -0.402714
0.376277 -6.539320
0.377414 7.968679
0.378550 -1.043370
0.379687 -0.339859
0.380824 -6.612057
0.381961 7.992534
0.383098 -1.057472
0.384234 -0.276882
0.385371 -6.684571
0.386508 8.016098
0.387645 -1.071628
0.388782 -0.213785
0.389918 -6.756861
0.391055 8.039371
0.392192 -1.085838
0.393329 -0.150570
0.394465 -6.828924
0.395602 8.062354
0.396739 -1.100103
0.397876 -0.087239
0.399013 -6.900757
0.400149 8.085047
0.401286 -1.114423
0.402423 -0.023793
0.403560 -6.972358
0.404697 8.107449
0.405833 -1.128799
0.406970 0.039766
0.408107 -7.043725
0.409244 8.129561
0.410381 -1.143231
0.411517 0.103434
0.412654 -7.114855
0.413791 8.151383
0.414928 -1.157719
0.416064 0.167211
0.417201 -7.185746
0.418338 8.172915
0.419475 -1.172265
0.420612 0.231095
0.421748 -7.256397
0.422885 8.194157
0.424022 -1.186868
0.425159 0.295083
0.426296 -7.326803
0.427432 8.215109
0.428569 -1.201529
0.429706 0.359173
0.430843 -7.396963
0.431980 8.235771
0.433116 -1.216248
0.434253 0.423364
0.435390 -7.466876
0.436527 8.256144
0.437663 -1.231026
0.438800 0.487654
0.439937 -7.536537
0.441074 8.276227
0.442211 -1.245863
0.443347 0.552039
0.444484 -7.605946
0.445621 8.296021
0.446758 -1.260760
0.447895 0.616519
0.449031 -7.675100
0.450168 8.315526
0.451305 -1.275717
0.452442 0.681092
0.453578 -7.743996
0.454715 8.334742
0.455852 -1.290735
0.456989 0.745754
0.458126 -7.812632
0.459262 8.353670
0.460399 -1.305813
0.461536 0.810505
0.462673 -7.881007
0.463810 8.372309
0.464946 -1.320953
0.466083 0.875342
0.467220 -7.949117
0.468357 8.390659
0.469494 -1.336155
0.470630 0.940264
0.471767 -8.016962
0.472904 8.408722
0.474041 -1.351418
0.475177 1.005267
0.476314 -8.084537
0.477451 8.426497
0.478588 -1.366744
0.479725 1.070350
0.480861 -8.151842
0.481998 8.443985
0.483135 -1.382133
0.484272 1.135511
0.485409 -8.218873
0.486545 8.461185
0.487682 -1.397586
0.488819 1.200748
0.489956 -8.285630
0.491092 8.478098
0.492229 -1.413102
0.493366 1.266058
0.494503 -8.352109
0.495640 8.494725
0.496776 -1.428681
0.497913 1.331440
0.499050 -8.418308
0.500187 8.511065
0.501324 -1.444326
0.502460 1.396892
0.503597 -8.484226
0.504734 8.527120
0.505871 -1.460035
0.507008 1.462411
0.508144 -8.549860
0.509281 8.542888
0.510418 -1.475808
0.511555 1.527994
0.512691 -8.615208
0.513828 8.558371
0.514965 -1.491648
0.516102 1.593641
0.517239 -8.680268
0.518375 8.573570
0.519512 -1.507553
0.520649 1.659349
0.521786 -8.745037
0.522923 8.588483
0.524059 -1.523524
0.525196 1.725116
0.526333 -8.809515
0.527470 8.603113
0.528606 -1.539561
0.529743 1.790939
0.530880 -8.873697
0.532017 8.617458
0.533154 -1.555665
0.534290 1.856817
0.535427 -8.937584
0.536564 8.631520
0.537701 -1.571836
0.538838 1.922747
0.539974 -9.001172
0.541111 8.645299
0.542248 -1.588074
0.543385 1.988728
0.544522 -9.064459
0.545658 8.658795
0.546795 -1.604380
0.547932 2.054756
0.549069 -9.127443
0.550205 8.672009
0.551342 -1.620754
0.552479 2.120830
0.553616 -9.190123
0.554753 8.684941
0.555889 -1.637195
0.557026 2.186947
0.558163 -9.252497
0.559300 8.697592
0.560437 -1.653706
0.561573 2.253106
0.562710 -9.314561
0.563847 8.709961
0.564984 -1.670284
0.566121 2.319304
0.567257 -9.376315
0.568394 8.722051
0.569531 -1.686932
0.570668 2.385539
0.571804 -9.437756
0.572941 8.733860
0.574078 -1.703649
0.575215 2.451809
0.576352 -9.498882
0.577488 8.745390
0.578625 -1.720435
0.579762 2.518112
0.580899 -9.559692
0.582036 8.756641
0.583172 -1.737291
0.584309 2.584445
0.585446 -9.620184
0.586583 8.767613
0.587719 -1.754217
0.588856 2.650806
0.589993 -9.680354
0.591130 8.778308
0.592267 -1.771213
0.593403 2.717193
0.594540 -9.740203
0.595677 8.788725
0.596814 -1.788279
0.597951 2.783603
0.599087 -9.799727
0.600224 8.798865
0.601361 -1.805415
0.602498 2.850035
0.603635 -9.858925
0.604771 8.808729
0.605908 -1.822623
0.607045 2.916486
0.608182 -9.917794
0.609318 8.818317
0.610455 -1.839901
0.611592 2.982955
0.612729 -9.976334
0.613866 8.827630
0.615002 -1.857251
0.616139 3.049437
0.617276 -10.034542
0.618413 8.836668
0.619550 -1.874672
0.620686 3.115933
0.621823 -10.092416
0.622960 8.845432
0.624097 -1.892164
0.625233 3.182438
0.626370 -10.149955
0.627507 8.853923
0.628644 -1.909728
0.629781 3.248952
0.630917 -10.207157
0.632054 8.862141
0.633191 -1.927364
0.634328 3.315471
0.635465 -10.264019
0.636601 8.870087
0.637738 -1.945071
0.638875 3.381993
0.640012 -10.320540
0.641149 8.877762
0.642285 -1.962851
0.643422 3.448517
0.644559 -10.376719
0.645696 8.885165
0.646832 -1.980703
0.647969 3.515039
0.649106 -10.432553
0.650243 8.892298
0.651380 -1.998628
0.652516 3.581558
0.653653 -10.488041
0.654790 8.899162
0.655927 -2.016625
0.657064 3.648072
0.658200 -10.543181
0.659337 8.905756
0.660474 -2.034694
0.661611 3.714577
0.662748 -10.597971
0.663884 8.912083
0.665021 -2.052837
0.666158 3.781072
0.667295 -10.652410
0.668431 8.918142
0.669568 -2.071052
0.670705 3.847554
0.671842 -10.706496
0.672979 8.923934
0.674115 -2.089340
0.675252 3.914021
0.676389 -10.760227
0.677526 8.929460
0.678663 -2.107701
0.679799 3.980471
0.680936 -10.813602
0.682073 8.934720
0.683210 -2.126135
0.684346 4.046902
0.685483 -10.866618
0.686620 8.939716
0.687757 -2.144643
0.688894 4.113311
0.690030 -10.919275
0.691167 8.944448
0.692304 -2.163223
0.693441 4.179696
0.694578 -10.971570
0.695714 8.948916
0.696851 -2.181877
0.697988 4.246054
0.699125 -11.023502
0.700262 8.953122
0.701398 -2.200605
0.702535 4.312383
0.703672 -11.075070
0.704809 8.957067
0.705945 -2.219405
0.707082 4.378682
0.708219 -11.126271
0.709356 8.960750
0.710493 -2.238279
0.711629 4.444946
0.712766 -11.177105
0.713903 8.964173
0.715040 -2.257227
0.716177 4.511176
0.717313 -11.227569
0.718450 8.967337
0.719587 -2.276248
0.720724 4.577367
0.721860 -11.277663
0.722997 8.970243
0.724134 -2.295343
0.725271 4.643518
0.726408 -11.327384
0.727544 8.972890
0.728681 -2.314511
0.729818 4.709626
0.730955 -11.376731
0.732092 8.975281
0.733228 -2.333752
0.734365 4.775689
0.735502 -11.425702
0.736639 8.977415
0.737776 -2.353067
0.738912 4.841704
0.740049 -11.474297
0.741186 8.979295
0.742323 -2.372455
0.743459 4.907670
0.744596 -11.522513
0.745733 8.980920
0.746870 -2.391917
0.748007 4.973584
0.749143 -11.570350
0.750280 8.982291
0.751417 -2.411452
0.752554 5.039443
0.753691 -11.617805
0.754827 8.983409
0.755964 -2.431061
0.757101 5.105246
0.758238 -11.664878
0.759374 8.984276
0.760511 -2.450743
0.761648 5.170989
0.762785 -11.711566
0.763922 8.984892
0.765058 -2.470498
0.766195 5.236671
0.767332 -11.757869
0.768469 8.985257
0.769606 -2.490326
0.770742 5.302290
0.771879 -11.803784
0.773016 8.985374
0.774153 -2.510227
0.775290 5.367842
0.776426 -11.849312
0.777563 8.985242
0.778700 -2.530201
0.779837 5.433326
0.780973 -11.894450
0.782110 8.984862
0.783247 -2.550249
0.784384 5.498739
0.785521 -11.939197
0.786657 8.984236
0.787794 -2.570369
0.788931 5.564078
0.790068 -11.983551
0.791205 8.983365
0.792341 -2.590561
0.793478 5.629342
0.794615 -12.027512
0.795752 8.982249
0.796889 -2.610827
0.798025 5.694529
0.799162 -12.071078
0.800299 8.980889
0.801436 -2.631165
0.802572 5.759635
0.803709 -12.114248
0.804846 8.979286
0.805983 -2.651575
0.807120 5.824658
0.808256 -12.157020
0.809393 8.977442
0.810530 -2.672057
0.811667 5.889597
0.812804 -12.199394
0.813940 8.975357
0.815077 -2.692611
0.816214 5.954448
0.817351 -12.241367
0.818487 8.973032
0.819624 -2.713238
0.820761 6.019210
0.821898 -12.282940
0.823035 8.970468
0.824171 -2.733936
0.825308 6.083880
0.826445 -12.324110
0.827582 8.967666
0.828719 -2.754705
0.829855 6.148455
0.830992 -12.364876
0.832129 8.964627
0.833266 -2.775546
0.834403 6.212934
0.835539 -12.405238
0.836676 8.961353
0.837813 -2.796458
0.838950 6.277313
0.840086 -12.445194
0.841223 8.957843
0.842360 -2.817442
0.843497 6.341591
0.844634 -12.484742
0.845770 8.954100
0.846907 -2.838496
0.848044 6.405766
0.849181 -12.523883
0.850318 8.950123
0.851454 -2.859620
0.852591 6.469834
0.853728 -12.562614
0.854865 8.945915
0.856001 -2.880815
0.857138 6.533794
0.858275 -12.600935
0.859412 8.941476
0.860549 -2.902080
0.861685 6.597643
0.862822 -12.638844
0.863959 8.936807
0.865096 -2.923415
0.866233 6.661379
0.867369 -12.676341
0.868506 8.931909
0.869643 -2.944820
0.870780 6.724999
0.871917 -12.713425
0.873053 8.926784
0.874190 -2.966294
0.875327 6.788502
0.876464 -12.750093
0.877600 8.921432
0.878737 -2.987837
0.879874 6.851884
0.881011 -12.786346
0.882148 8.915854
0.883284 -3.009449
0.884421 6.915144
0.885558 -12.822183
0.886695 8.910052
0.887832 -3.031130
0.888968 6.978279
0.890105 -12.857602
0.891242 8.904027
0.892379 -3.052878
0.893515 7.041287
0.894652 -12.892602
0.895789 8.897779
0.896926 -3.074695
0.898063 7.104165
0.899199 -12.927183
0.900336 8.891310
0.901473 -3.096580
0.902610 7.166911
0.903747 -12.961343
0.904883 8.884621
0.906020 -3.118532
0.907157 7.229523
0.908294 -12.995082
0.909431 8.877713
0.910567 -3.140551
0.911704 7.291998
0.912841 -13.028398
0.913978 8.870587
0.915114 -3.162637
0.916251 7.354335
0.917388 -13.061292
0.918525 8.863244
0.919662 -3.184790
0.920798 7.416530
0.921935 -13.093761
0.923072 8.855685
0.924209 -3.207008
0.925346 7.478582
0.926482 -13.125805
0.927619 8.847912
0.928756 -3.229292
0.929893 7.540488
0.931030 -13.157424
0.932166 8.839925
0.933303 -3.251642
0.934440 7.602245
0.935577 -13.188616
0.936713 8.831726
0.937850 -3.274056
0.938987 7.663852
0.940124 -13.219381
0.941261 8.823316
0.942397 -3.296535
0.943534 7.725306
0.944671 -13.249717
0.945808 8.814696
0.946945 -3.319079
0.948081 7.786605
0.949218 -13.279625
0.950355 8.805867
0.951492 -3.341686
0.952628 7.847746
0.953765 -13.309102
0.954902 8.796830
0.956039 -3.364356
0.957176 7.908728
0.958312 -13.338150
0.959449 8.787587
0.960586 -3.387090
0.961723 7.969547
0.962860 -13.366766
0.963996 8.778138
0.965133 -3.409886
0.966270 8.030202
0.967407 -13.394950
0.968544 8.768486
0.969680 -3.432745
0.970817 8.090690
0.971954 -13.422702
0.973091 8.758630
0.974227 -3.455665
0.975364 8.151009
0.976501 -13.450020
0.977638 8.748572
0.978775 -3.478647
0.979911 8.211157
0.981048 -13.476904
0.982185 8.738314
0.983322 -3.501689
0.984459 8.271131
0.985595 -13.503354
0.986732 8.727856
0.987869 -3.524792
0.989006 8.330930
0.990142 -13.529369
0.991279 8.717200
0.992416 -3.547955
0.993553 8.390550
0.994690 -13.554947
0.995826 8.706348
0.996963 -3.571177
0.998100 8.449989
0.999237 -13.580090
