0.000000 1000000000000100
0.016766 0111111111111100
0.033532 1000000000000011
0.050298 0111111111111110
0.067064 1000000000000001
0.083830 1000000000000000
0.100595 0111111111111111
0.117361 1000000000000010
0.134127 0111111111111101
0.150893 1000000000000011
0.167659 0111111111111101
0.184425 1000000000000010
0.201191 0111111111111111
0.217957 1000000000000000
0.234723 1000000000000001
0.251489 0111111111111101
0.268255 1000000000000100
0.285020 0111111111111011
0.301786 1000000000000110
0.318552 0111111111111010
0.335318 1000000000000101
0.352084 0111111111111011
0.368850 1000000000000100
0.385616 0111111111111101
0.402382 1000000000000001
0.419148 1000000000000000
0.435914 0111111111111111
0.452680 1000000000000001
0.469445 0111111111111111
0.486211 1000000000000001
0.502977 0111111111111111
0.519743 1000000000000000
0.536509 1000000000000010
0.553275 0111111111111101
0.570041 1000000000000100
0.586807 0111111111111010
0.603573 1000000000000111
0.620339 0111111111111001
0.637105 1000000000000111
0.653870 0111111111111001
0.670636 1000000000000110
0.687402 0111111111111011
0.704168 1000000000000100
0.720934 0111111111111101
0.737700 1000000000000001
0.754466 0111111111111111
0.771232 1000000000000000
0.787998 1000000000000000
0.804764 1000000000000000
0.821530 0111111111111111
0.838295 1000000000000010
0.855061 0111111111111101
0.871827 1000000000000101
0.888593 0111111111111010
0.905359 1000000000000111
0.922125 0111111111111000
0.938891 1000000000001000
0.955657 0111111111111000
0.972423 1000000000001000
0.989189 0111111111111001
1.005955 1000000000000110
1.022720 0111111111111011
1.039486 1000000000000011
1.056252 0111111111111110
1.073018 1000000000000001
1.089784 0111111111111111
1.106550 1000000000000001
1.123316 0111111111111111
1.140082 1000000000000010
1.156848 0111111111111101
1.173614 1000000000000100
1.190380 0111111111111010
1.207145 1000000000000111
1.223911 0111111111111000
1.240677 1000000000001001
1.257443 0111111111110111
1.274209 1000000000001001
1.290975 0111111111111000
1.307741 1000000000000111
1.324507 0111111111111010
1.341273 1000000000000101
1.358039 0111111111111101
1.374805 1000000000000010
1.391570 0111111111111111
1.408336 1000000000000001
1.425102 0111111111111111
1.441868 1000000000000010
1.458634 0111111111111110
1.475400 1000000000000011
1.492166 0111111111111011
