0.000000 5
0.001137 0
0.002274 -5
0.003410 0
0.004547 5
0.005684 0
0.006821 -5
0.007958 0
0.009094 5
0.010231 0
0.011368 -5
0.012505 0
0.013641 5
0.014778 0
0.015915 -5
0.017052 0
0.018189 5
0.019325 0
0.020462 -5
0.021599 0
0.022736 5
0.023873 0
0.025009 -5
0.026146 0
0.027283 5
0.028420 0
0.029556 -5
0.030693 -1
0.031830 5
0.032967 0
0.034104 -5
0.035240 -1
0.036377 5
0.037514 0
0.038651 -5
0.039788 -1
0.040924 5
0.042061 0
0.043198 -5
0.044335 -1
0.045472 5
0.046608 0
0.047745 -4
0.048882 -1
0.050019 6
0.051155 0
0.052292 -4
0.053429 -1
0.054566 6
0.055703 0
0.056839 -4
0.057976 -1
0.059113 6
0.060250 0
0.061387 -4
0.062523 -1
0.063660 6
0.064797 0
0.065934 -4
0.067071 -1
0.068207 6
0.069344 0
0.070481 -4
0.071618 -1
0.072754 6
0.073891 0
0.075028 -4
0.076165 -1
0.077302 6
0.078438 0
0.079575 -4
0.080712 -1
0.081849 6
0.082986 0
0.084122 -4
0.085259 -2
0.086396 6
0.087533 0
0.088669 -4
0.089806 -2
0.090943 6
0.092080 0
0.093217 -4
0.094353 -2
0.095490 6
0.096627 0
0.097764 -4
0.098901 -2
0.100037 6
0.101174 0
0.102311 -4
0.103448 -2
0.104585 6
0.105721 0
0.106858 -4
0.107995 -2
0.109132 6
0.110268 0
0.111405 -4
0.112542 -2
0.113679 6
0.114816 0
0.115952 -4
0.117089 -2
0.118226 6
0.119363 0
0.120500 -4
0.121636 -2
0.122773 6
0.123910 0
0.125047 -4
0.126183 -2
0.127320 6
0.128457 0
0.129594 -4
0.130731 -2
0.131867 6
0.133004 0
0.134141 -4
0.135278 -2
0.136415 6
0.137551 0
0.138688 -3
0.139825 -3
0.140962 6
0.142099 0
0.143235 -3
0.144372 -3
0.145509 6
0.146646 0
0.147782 -3
0.148919 -3
0.150056 6
0.151193 0
0.152330 -3
0.153466 -3
0.154603 6
0.155740 0
0.156877 -3
0.158014 -3
0.159150 6
0.160287 0
0.161424 -3
0.162561 -3
0.163697 7
0.164834 0
0.165971 -3
0.167108 -3
0.168245 7
0.169381 0
0.170518 -3
0.171655 -3
0.172792 7
0.173929 0
0.175065 -3
0.176202 -3
0.177339 7
0.178476 0
0.179613 -3
0.180749 -3
0.181886 7
0.183023 0
0.184160 -3
0.185296 -3
0.186433 7
0.187570 0
0.188707 -3
0.189844 -3
0.190980 7
0.192117 -1
0.193254 -3
0.194391 -3
0.195528 7
0.196664 -1
0.197801 -3
0.198938 -4
0.200075 7
0.201212 -1
0.202348 -3
0.203485 -4
0.204622 7
0.205759 -1
0.206895 -3
0.208032 -4
0.209169 7
0.210306 -1
0.211443 -3
0.212579 -4
0.213716 7
0.214853 -1
0.215990 -3
0.217127 -4
0.218263 7
0.219400 -1
0.220537 -2
0.221674 -4
0.222810 7
0.223947 -1
0.225084 -2
0.226221 -4
0.227358 7
0.228494 -1
0.229631 -2
0.230768 -4
0.231905 7
0.233042 -1
0.234178 -2
0.235315 -4
0.236452 7
0.237589 -1
0.238726 -2
0.239862 -4
0.240999 7
0.242136 -1
0.243273 -2
0.244409 -4
0.245546 7
0.246683 -1
0.247820 -2
0.248957 -4
0.250093 7
0.251230 -1
0.252367 -2
0.253504 -5
0.254641 7
0.255777 -1
0.256914 -2
0.258051 -5
0.259188 7
0.260324 -1
0.261461 -2
0.262598 -5
0.263735 7
0.264872 -1
0.266008 -2
0.267145 -5
0.268282 7
0.269419 -1
0.270556 -2
0.271692 -5
0.272829 7
0.273966 -1
0.275103 -2
0.276240 -5
0.277376 7
0.278513 -1
0.279650 -2
0.280787 -5
0.281923 7
0.283060 -1
0.284197 -2
0.285334 -5
0.286471 7
0.287607 -1
0.288744 -2
0.289881 -5
0.291018 7
0.292155 -1
0.293291 -2
0.294428 -5
0.295565 7
0.296702 -1
0.297838 -1
0.298975 -5
0.300112 8
0.301249 -1
0.302386 -1
0.303522 -5
0.304659 8
0.305796 -1
0.306933 -1
0.308070 -5
0.309206 8
0.310343 -1
0.311480 -1
0.312617 -5
0.313754 8
0.314890 -1
0.316027 -1
0.317164 -6
0.318301 8
0.319437 -1
0.320574 -1
0.321711 -6
0.322848 8
0.323985 -1
0.325121 -1
0.326258 -6
0.327395 8
0.328532 -1
0.329669 -1
0.330805 -6
0.331942 8
0.333079 -1
0.334216 -1
0.335353 -6
0.336489 8
0.337626 -1
0.338763 -1
0.339900 -6
0.341036 8
0.342173 -1
0.343310 -1
0.344447 -6
0.345584 8
0.346720 -1
0.347857 -1
0.348994 -6
0.350131 8
0.351268 -1
0.352404 -1
0.353541 -6
0.354678 8
0.355815 -1
0.356951 -1
0.358088 -6
0.359225 8
0.360362 -1
0.361499 -1
0.362635 -6
0.363772 8
0.364909 -1
0.366046 -1
0.367183 -6
0.368319 8
0.369456 -1
0.370593 0
0.371730 -6
0.372867 8
0.374003 -1
0.375140 0
0.376277 -7
0.377414 8
0.378550 -1
0.379687 0
0.380824 -7
0.381961 8
0.383098 -1
0.384234 0
0.385371 -7
0.386508 8
0.387645 -1
0.388782 0
0.389918 -7
0.391055 8
0.392192 -1
0.393329 0
0.394465 -7
0.395602 8
0.396739 -1
0.397876 0
0.399013 -7
0.400149 8
0.401286 -1
0.402423 0
0.403560 -7
0.404697 8
0.405833 -1
0.406970 0
0.408107 -7
0.409244 8
0.410381 -1
0.411517 0
0.412654 -7
0.413791 8
0.414928 -1
0.416064 0
0.417201 -7
0.418338 8
0.419475 -1
0.420612 0
0.421748 -7
0.422885 8
0.424022 -1
0.425159 0
0.426296 -7
0.427432 8
0.428569 -1
0.429706 0
0.430843 -7
0.431980 8
0.433116 -1
0.434253 0
0.435390 -7
0.436527 8
0.437663 -1
0.438800 0
0.439937 -8
0.441074 8
0.442211 -1
0.443347 1
0.444484 -8
0.445621 8
0.446758 -1
0.447895 1
0.449031 -8
0.450168 8
0.451305 -1
0.452442 1
0.453578 -8
0.454715 8
0.455852 -1
0.456989 1
0.458126 -8
0.459262 8
0.460399 -1
0.461536 1
0.462673 -8
0.463810 8
0.464946 -1
0.466083 1
0.467220 -8
0.468357 8
0.469494 -1
0.470630 1
0.471767 -8
0.472904 8
0.474041 -1
0.475177 1
0.476314 -8
0.477451 8
0.478588 -1
0.479725 1
0.480861 -8
0.481998 8
0.483135 -1
0.484272 1
0.485409 -8
0.486545 8
0.487682 -1
0.488819 1
0.489956 -8
0.491092 8
0.492229 -1
0.493366 1
0.494503 -8
0.495640 8
0.496776 -1
0.497913 1
0.499050 -8
0.500187 9
0.501324 -1
0.502460 1
0.503597 -8
0.504734 9
0.505871 -1
0.507008 1
0.508144 -9
0.509281 9
0.510418 -1
0.511555 2
0.512691 -9
0.513828 9
0.514965 -1
0.516102 2
0.517239 -9
0.518375 9
0.519512 -2
0.520649 2
0.521786 -9
0.522923 9
0.524059 -2
0.525196 2
0.526333 -9
0.527470 9
0.528606 -2
0.529743 2
0.530880 -9
0.532017 9
0.533154 -2
0.534290 2
0.535427 -9
0.536564 9
0.537701 -2
0.538838 2
0.539974 -9
0.541111 9
0.542248 -2
0.543385 2
0.544522 -9
0.545658 9
0.546795 -2
0.547932 2
0.549069 -9
0.550205 9
0.551342 -2
0.552479 2
0.553616 -9
0.554753 9
0.555889 -2
0.557026 2
0.558163 -9
0.559300 9
0.560437 -2
0.561573 2
0.562710 -9
0.563847 9
0.564984 -2
0.566121 2
0.567257 -9
0.568394 9
0.569531 -2
0.570668 2
0.571804 -9
0.572941 9
0.574078 -2
0.575215 2
0.576352 -9
0.577488 9
0.578625 -2
0.579762 3
0.580899 -10
0.582036 9
0.583172 -2
0.584309 3
0.585446 -10
0.586583 9
0.587719 -2
0.588856 3
0.589993 -10
0.591130 9
0.592267 -2
0.593403 3
0.594540 -10
0.595677 9
0.596814 -2
0.597951 3
0.599087 -10
0.600224 9
0.601361 -2
0.602498 3
0.603635 -10
0.604771 9
0.605908 -2
0.607045 3
0.608182 -10
0.609318 9
0.610455 -2
0.611592 3
0.612729 -10
0.613866 9
0.615002 -2
0.616139 3
0.617276 -10
0.618413 9
0.619550 -2
0.620686 3
0.621823 -10
0.622960 9
0.624097 -2
0.625233 3
0.626370 -10
0.627507 9
0.628644 -2
0.629781 3
0.630917 -10
0.632054 9
0.633191 -2
0.634328 3
0.635465 -10
0.636601 9
0.637738 -2
0.638875 3
0.640012 -10
0.641149 9
0.642285 -2
0.643422 3
0.644559 -10
0.645696 9
0.646832 -2
0.647969 4
0.649106 -10
0.650243 9
0.651380 -2
0.652516 4
0.653653 -10
0.654790 9
0.655927 -2
0.657064 4
0.658200 -11
0.659337 9
0.660474 -2
0.661611 4
0.662748 -11
0.663884 9
0.665021 -2
0.666158 4
0.667295 -11
0.668431 9
0.669568 -2
0.670705 4
0.671842 -11
0.672979 9
0.674115 -2
0.675252 4
0.676389 -11
0.677526 9
0.678663 -2
0.679799 4
0.680936 -11
0.682073 9
0.683210 -2
0.684346 4
0.685483 -11
0.686620 9
0.687757 -2
0.688894 4
0.690030 -11
0.691167 9
0.692304 -2
0.693441 4
0.694578 -11
0.695714 9
0.696851 -2
0.697988 4
0.699125 -11
0.700262 9
0.701398 -2
0.702535 4
0.703672 -11
0.704809 9
0.705945 -2
0.707082 4
0.708219 -11
0.709356 9
0.710493 -2
0.711629 4
0.712766 -11
0.713903 9
0.715040 -2
0.716177 5
0.717313 -11
0.718450 9
0.719587 -2
0.720724 5
0.721860 -11
0.722997 9
0.724134 -2
0.725271 5
0.726408 -11
0.727544 9
0.728681 -2
0.729818 5
0.730955 -11
0.732092 9
0.733228 -2
0.734365 5
0.735502 -11
0.736639 9
0.737776 -2
0.738912 5
0.740049 -11
0.741186 9
0.742323 -2
0.743459 5
0.744596 -12
0.745733 9
0.746870 -2
0.748007 5
0.749143 -12
0.750280 9
0.751417 -2
0.752554 5
0.753691 -12
0.754827 9
0.755964 -2
0.757101 5
0.758238 -12
0.759374 9
0.760511 -2
0.761648 5
0.762785 -12
0.763922 9
0.765058 -2
0.766195 5
0.767332 -12
0.768469 9
0.769606 -2
0.770742 5
0.771879 -12
0.773016 9
0.774153 -3
0.775290 5
0.776426 -12
0.777563 9
0.778700 -3
0.779837 5
0.780973 -12
0.782110 9
0.783247 -3
0.784384 5
0.785521 -12
0.786657 9
0.787794 -3
0.788931 6
0.790068 -12
0.791205 9
0.792341 -3
0.793478 6
0.794615 -12
0.795752 9
0.796889 -3
0.798025 6
0.799162 -12
0.800299 9
0.801436 -3
0.802572 6
0.803709 -12
0.804846 9
0.805983 -3
0.807120 6
0.808256 -12
0.809393 9
0.810530 -3
0.811667 6
0.812804 -12
0.813940 9
0.815077 -3
0.816214 6
0.817351 -12
0.818487 9
0.819624 -3
0.820761 6
0.821898 -12
0.823035 9
0.824171 -3
0.825308 6
0.826445 -12
0.827582 9
0.828719 -3
0.829855 6
0.830992 -12
0.832129 9
0.833266 -3
0.834403 6
0.835539 -12
0.836676 9
0.837813 -3
0.838950 6
0.840086 -12
0.841223 9
0.842360 -3
0.843497 6
0.844634 -12
0.845770 9
0.846907 -3
0.848044 6
0.849181 -13
0.850318 9
0.851454 -3
0.852591 6
0.853728 -13
0.854865 9
0.856001 -3
0.857138 7
0.858275 -13
0.859412 9
0.860549 -3
0.861685 7
0.862822 -13
0.863959 9
0.865096 -3
0.866233 7
0.867369 -13
0.868506 9
0.869643 -3
0.870780 7
0.871917 -13
0.873053 9
0.874190 -3
0.875327 7
0.876464 -13
0.877600 9
0.878737 -3
0.879874 7
0.881011 -13
0.882148 9
0.883284 -3
0.884421 7
0.885558 -13
0.886695 9
0.887832 -3
0.888968 7
0.890105 -13
0.891242 9
0.892379 -3
0.893515 7
0.894652 -13
0.895789 9
0.896926 -3
0.898063 7
0.899199 -13
0.900336 9
0.901473 -3
0.902610 7
0.903747 -13
0.904883 9
0.906020 -3
0.907157 7
0.908294 -13
0.909431 9
0.910567 -3
0.911704 7
0.912841 -13
0.913978 9
0.915114 -3
0.916251 7
0.917388 -13
0.918525 9
0.919662 -3
0.920798 7
0.921935 -13
0.923072 9
0.924209 -3
0.925346 7
0.926482 -13
0.927619 9
0.928756 -3
0.929893 8
0.931030 -13
0.932166 9
0.933303 -3
0.934440 8
0.935577 -13
0.936713 9
0.937850 -3
0.938987 8
0.940124 -13
0.941261 9
0.942397 -3
0.943534 8
0.944671 -13
0.945808 9
0.946945 -3
0.948081 8
0.949218 -13
0.950355 9
0.951492 -3
0.952628 8
0.953765 -13
0.954902 9
0.956039 -3
0.957176 8
0.958312 -13
0.959449 9
0.960586 -3
0.961723 8
0.962860 -13
0.963996 9
0.965133 -3
0.966270 8
0.967407 -13
0.968544 9
0.969680 -3
0.970817 8
0.971954 -13
0.973091 9
0.974227 -3
0.975364 8
0.976501 -13
0.977638 9
0.978775 -3
0.979911 8
0.981048 -13
0.982185 9
0.983322 -4
0.984459 8
0.985595 -14
0.986732 9
0.987869 -4
0.989006 8
0.990142 -14
0.991279 9
0.992416 -4
0.993553 8
0.994690 -14
0.995826 9
0.996963 -4
0.998100 8
0.999237 -14
