0.000000 0000000000010100
0.000253 0000000000010110
0.000507 0000000000011000
0.000760 0000000000011010
0.001014 0000000000011011
0.001267 0000000000011101
0.001521 0000000000011111
0.001774 0000000000100000
0.002027 0000000000100010
0.002281 0000000000100011
0.002534 0000000000100100
0.002788 0000000000100101
0.003041 0000000000100110
0.003295 0000000000100111
0.003548 0000000000100111
0.003801 0000000000100111
0.004055 0000000000100111
0.004308 0000000000100111
0.004562 0000000000100111
0.004815 0000000000100111
0.005069 0000000000100110
0.005322 0000000000100101
0.005575 0000000000100100
0.005829 0000000000100011
0.006082 0000000000100010
0.006336 0000000000100000
0.006589 0000000000011111
0.006843 0000000000011101
0.007096 0000000000011011
0.007349 0000000000011010
0.007603 0000000000011000
0.007856 0000000000010110
0.008110 0000000000010100
0.008363 0000000000010010
0.008617 0000000000010000
0.008870 0000000000001110
0.009124 0000000000001100
0.009377 0000000000001010
0.009630 0000000000001000
0.009884 0000000000000110
0.010137 0000000000000100
0.010391 0000000000000011
0.010644 0000000000000001
0.010898 0000000000000000
0.011151 1111111111111111
0.011404 1111111111111110
0.011658 1111111111111101
0.011911 1111111111111100
0.012165 1111111111111100
0.012418 1111111111111011
0.012672 1111111111111011
0.012925 1111111111111011
0.013178 1111111111111011
0.013432 1111111111111100
0.013685 1111111111111100
0.013939 1111111111111101
0.014192 1111111111111110
0.014446 1111111111111111
0.014699 0000000000000000
0.014952 0000000000000001
0.015206 0000000000000011
0.015459 0000000000000100
0.015713 0000000000000110
0.015966 0000000000000111
0.016220 0000000000001001
0.016473 0000000000001010
0.016726 0000000000001100
0.016980 0000000000001110
0.017233 0000000000001111
0.017487 0000000000010001
0.017740 0000000000010011
0.017994 0000000000010100
0.018247 0000000000010101
0.018500 0000000000010111
0.018754 0000000000011000
0.019007 0000000000011001
0.019261 0000000000011010
0.019514 0000000000011011
0.019768 0000000000011011
0.020021 0000000000011100
0.020274 0000000000011100
0.020528 0000000000011100
0.020781 0000000000011100
0.021035 0000000000011011
0.021288 0000000000011011
0.021542 0000000000011010
0.021795 0000000000011001
0.022048 0000000000011000
0.022302 0000000000010111
0.022555 0000000000010110
0.022809 0000000000010100
0.023062 0000000000010011
0.023316 0000000000010001
0.023569 0000000000001111
0.023822 0000000000001101
0.024076 0000000000001011
0.024329 0000000000001001
0.024583 0000000000000111
0.024836 0000000000000101
0.025090 0000000000000010
0.025343 0000000000000000
0.025596 1111111111111110
0.025850 1111111111111100
0.026103 1111111111111010
0.026357 1111111111111000
0.026610 1111111111110110
0.026864 1111111111110100
0.027117 1111111111110010
0.027370 1111111111110001
0.027624 1111111111101111
0.027877 1111111111101110
0.028131 1111111111101101
0.028384 1111111111101100
0.028638 1111111111101011
0.028891 1111111111101011
0.029144 1111111111101010
0.029398 1111111111101010
0.029651 1111111111101010
0.029905 1111111111101010
0.030158 1111111111101011
0.030412 1111111111101011
0.030665 1111111111101100
0.030918 1111111111101101
0.031172 1111111111101110
0.031425 1111111111101111
0.031679 1111111111110000
0.031932 1111111111110001
0.032186 1111111111110011
0.032439 1111111111110100
0.032692 1111111111110110
0.032946 1111111111110111
0.033199 1111111111111001
0.033453 1111111111111011
0.033706 1111111111111100
0.033960 1111111111111110
0.034213 1111111111111111
0.034466 0000000000000001
0.034720 0000000000000010
0.034973 0000000000000100
0.035227 0000000000000101
0.035480 0000000000000110
0.035734 0000000000000111
0.035987 0000000000001000
0.036240 0000000000001001
0.036494 0000000000001001
0.036747 0000000000001001
0.037001 0000000000001010
0.037254 0000000000001010
0.037508 0000000000001010
0.037761 0000000000001001
0.038015 0000000000001001
0.038268 0000000000001000
0.038521 0000000000000111
0.038775 0000000000000110
0.039028 0000000000000101
0.039282 0000000000000100
0.039535 0000000000000010
0.039789 0000000000000000
0.040042 1111111111111111
0.040295 1111111111111101
0.040549 1111111111111011
0.040802 1111111111111001
0.041056 1111111111110111
0.041309 1111111111110101
0.041563 1111111111110011
0.041816 1111111111110001
0.042069 1111111111101111
0.042323 1111111111101100
0.042576 1111111111101010
0.042830 1111111111101000
0.043083 1111111111100111
0.043337 1111111111100101
0.043590 1111111111100011
0.043843 1111111111100010
0.044097 1111111111100000
0.044350 1111111111011111
0.044604 1111111111011110
0.044857 1111111111011101
0.045111 1111111111011100
0.045364 1111111111011100
0.045617 1111111111011011
0.045871 1111111111011011
0.046124 1111111111011011
0.046378 1111111111011011
0.046631 1111111111011011
0.046885 1111111111011100
0.047138 1111111111011101
0.047391 1111111111011101
0.047645 1111111111011110
0.047898 1111111111100000
0.048152 1111111111100001
0.048405 1111111111100010
0.048659 1111111111100100
0.048912 1111111111100101
0.049165 1111111111100111
0.049419 1111111111101001
0.049672 1111111111101011
0.049926 1111111111101100
