0.000000 20.000000
0.000253 21.905862
0.000507 23.790214
0.000760 25.635814
0.001014 27.425737
0.001267 29.143528
0.001521 30.773355
0.001774 32.300150
0.002027 33.709749
0.002281 34.989021
0.002534 36.125988
0.002788 37.109931
0.003041 37.931493
0.003295 38.582761
0.003548 39.057339
0.003801 39.350408
0.004055 39.458767
0.004308 39.380865
0.004562 39.116813
0.004815 38.668386
0.005069 38.039005
0.005322 37.233705
0.005575 36.259092
0.005829 35.123280
0.006082 33.835819
0.006336 32.407608
0.006589 30.850794
0.006843 29.178666
0.007096 27.405526
0.007349 25.546568
0.007603 23.617731
0.007856 21.635561
0.008110 19.617055
0.008363 17.579510
0.008617 15.540363
0.008870 13.517033
0.009124 11.526762
0.009377 9.586460
0.009630 7.712547
0.009884 5.920808
0.010137 4.226249
0.010391 2.642949
0.010644 1.183952
0.010898 -0.138867
0.011151 -1.314903
0.011404 -2.334922
0.011658 -3.191141
0.011911 -3.877302
0.012165 -4.388725
0.012418 -4.722354
0.012672 -4.876783
0.012925 -4.852267
0.013178 -4.650722
0.013432 -4.275707
0.013685 -3.732387
0.013939 -3.027493
0.014192 -2.169251
0.014446 -1.167315
0.014699 -0.032675
0.014952 1.222445
0.015206 2.584697
0.015459 4.039730
0.015713 5.572326
0.015966 7.166533
0.016220 8.805815
0.016473 10.473203
0.016726 12.151448
0.016980 13.823181
0.017233 15.471071
0.017487 17.077982
0.017740 18.627134
0.017994 20.102251
0.018247 21.487715
0.018500 22.768704
0.018754 23.931331
0.019007 24.962772
0.019261 25.851380
0.019514 26.586793
0.019768 27.160030
0.020021 27.563573
0.020274 27.791435
0.020528 27.839219
0.020781 27.704152
0.021035 27.385116
0.021288 26.882655
0.021542 26.198975
0.021795 25.337918
0.022048 24.304935
0.022302 23.107030
0.022555 21.752703
0.022809 20.251865
0.023062 18.615757
0.023316 16.856841
0.023569 14.988690
0.023822 13.025866
0.024076 10.983783
0.024329 8.878572
0.024583 6.726931
0.024836 4.545975
0.025090 2.353080
0.025343 0.165724
0.025596 -1.998670
0.025850 -4.122896
0.026103 -6.190114
0.026357 -8.184014
0.026610 -10.088953
0.026864 -11.890105
0.027117 -13.573593
0.027370 -15.126614
0.027624 -16.537557
0.027877 -17.796109
0.028131 -18.893345
0.028384 -19.821812
0.028638 -20.575597
0.028891 -21.150377
0.029144 -21.543461
0.029398 -21.753812
0.029651 -21.782059
0.029905 -21.630487
0.030158 -21.303017
0.030412 -20.805172
0.030665 -20.144020
0.030918 -19.328118
0.031172 -18.367426
0.031425 -17.273218
0.031679 -16.057979
0.031932 -14.735292
0.032186 -13.319709
0.032439 -11.826623
0.032692 -10.272125
0.032946 -8.672856
0.033199 -7.045855
0.033453 -5.408404
0.033706 -3.777869
0.033960 -2.171540
0.034213 -0.606477
0.034466 0.900650
0.034720 2.333714
0.034973 3.677276
0.035227 4.916727
0.035480 6.038423
0.035734 7.029807
0.035987 7.879528
0.036240 8.577544
0.036494 9.115210
0.036747 9.485362
0.037001 9.682382
0.037254 9.702249
0.037508 9.542573
0.037761 9.202625
0.038015 8.683336
0.038268 7.987293
0.038521 7.118717
0.038775 6.083420
0.039028 4.888759
0.039282 3.543563
0.039535 2.058058
0.039789 0.443771
0.040042 -1.286591
0.040295 -3.119189
0.040549 -5.039278
0.040802 -7.031272
0.041056 -9.078910
0.041309 -11.165394
0.041563 -13.273549
0.041816 -15.385978
0.042069 -17.485217
0.042323 -19.553898
0.042576 -21.574903
0.042830 -23.531525
0.043083 -25.407614
0.043337 -27.187730
0.043590 -28.857279
0.043843 -30.402646
0.044097 -31.811323
0.044350 -33.072017
0.044604 -34.174758
0.044857 -35.110985
0.045111 -35.873627
0.045364 -36.457167
0.045617 -36.857690
0.045871 -37.072919
0.046124 -37.102239
0.046378 -36.946696
0.046631 -36.608993
0.046885 -36.093461
0.047138 -35.406023
0.047391 -34.554134
0.047645 -33.546721
0.047898 -32.394094
0.048152 -31.107855
0.048405 -29.700791
0.048659 -28.186758
0.048912 -26.580555
0.049165 -24.897787
0.049419 -23.154722
0.049672 -21.368145
0.049926 -19.555205
