0.000000 20.000000
0.000100 20.753484
0.000200 21.505257
0.000300 22.254250
0.000400 22.999396
0.000500 23.739632
0.000600 24.473905
0.000700 25.201163
0.000800 25.920369
0.000900 26.630494
0.001000 27.330522
0.001100 28.019448
0.001200 28.696285
0.001300 29.360061
0.001400 30.009821
0.001500 30.644630
0.001600 31.263573
0.001700 31.865757
0.001800 32.450311
0.001900 33.016389
0.002000 33.563170
0.002100 34.089860
0.002200 34.595693
0.002300 35.079930
0.002400 35.541863
0.002500 35.980816
0.002600 36.396141
0.002700 36.787228
0.002800 37.153496
0.002900 37.494401
0.003000 37.809433
0.003100 38.098119
0.003200 38.360021
0.003300 38.594740
0.003400 38.801912
0.003500 38.981215
0.003600 39.132362
0.003700 39.255109
0.003800 39.349247
0.003900 39.414610
0.004000 39.451072
0.004100 39.458545
0.004200 39.436984
0.004300 39.386383
0.004400 39.306776
0.004500 39.198238
0.004600 39.060884
0.004700 38.894869
0.004800 38.700388
0.004900 38.477677
0.005000 38.227009
0.005100 37.948696
0.005200 37.643091
0.005300 37.310582
0.005400 36.951595
0.005500 36.566595
0.005600 36.156080
0.005700 35.720586
0.005800 35.260682
0.005900 34.776971
0.006000 34.270090
0.006100 33.740707
0.006200 33.189521
0.006300 32.617263
0.006400 32.024691
0.006500 31.412592
0.006600 30.781781
0.006700 30.133095
0.006800 29.467400
0.006900 28.785584
0.007000 28.088554
0.007100 27.377243
0.007200 26.652599
0.007300 25.915592
0.007400 25.167204
0.007500 24.408437
0.007600 23.640305
0.007700 22.863833
0.007800 22.080060
0.007900 21.290033
0.008000 20.494807
0.008100 19.695443
0.008200 18.893009
0.008300 18.088574
0.008400 17.283212
0.008500 16.477996
0.008600 15.673997
0.008700 14.872285
0.008800 14.073925
0.008900 13.279978
0.009000 12.491495
0.009100 11.709523
0.009200 10.935094
0.009300 10.169231
0.009400 9.412945
0.009500 8.667231
0.009600 7.933068
0.009700 7.211420
0.009800 6.503229
0.009900 5.809421
0.010000 5.130897
0.010100 4.468536
0.010200 3.823200
0.010300 3.195718
0.010400 2.586896
0.010500 1.997511
0.010600 1.428315
0.010700 0.880027
0.010800 0.353337
0.010900 -0.151095
0.011000 -0.632643
0.011100 -1.090714
0.011200 -1.524749
0.011300 -1.934225
0.011400 -2.318651
0.011500 -2.677577
0.011600 -3.010587
0.011700 -3.317303
0.011800 -3.597385
0.011900 -3.850532
0.012000 -4.076482
0.012100 -4.275013
0.012200 -4.445941
0.012300 -4.589122
0.012400 -4.704454
0.012500 -4.791875
0.012600 -4.851360
0.012700 -4.882928
0.012800 -4.886638
0.012900 -4.862588
0.013000 -4.810915
0.013100 -4.731800
0.013200 -4.625459
0.013300 -4.492151
0.013400 -4.332171
0.013500 -4.145855
0.013600 -3.933576
0.013700 -3.695745
0.013800 -3.432808
0.013900 -3.145250
0.014000 -2.833591
0.014100 -2.498384
0.014200 -2.140218
0.014300 -1.759715
0.014400 -1.357529
0.014500 -0.934345
0.014600 -0.490879
0.014700 -0.027877
0.014800 0.453888
0.014900 0.953615
0.015000 1.470476
0.015100 2.003620
0.015200 2.552171
0.015300 3.115230
0.015400 3.691879
0.015500 4.281177
0.015600 4.882167
0.015700 5.493875
0.015800 6.115308
0.015900 6.745463
0.016000 7.383320
0.016100 8.027850
0.016200 8.678013
0.016300 9.332761
0.016400 9.991039
0.016500 10.651786
0.016600 11.313937
0.016700 11.976424
0.016800 12.638179
0.016900 13.298135
0.017000 13.955224
0.017100 14.608386
0.017200 15.256562
0.017300 15.898703
0.017400 16.533764
0.017500 17.160715
0.017600 17.778531
0.017700 18.386205
0.017800 18.982740
0.017900 19.567156
0.018000 20.138489
0.018100 20.695795
0.018200 21.238148
0.018300 21.764642
0.018400 22.274394
0.018500 22.766544
0.018600 23.240259
0.018700 23.694727
0.018800 24.129167
0.018900 24.542824
0.019000 24.934973
0.019100 25.304919
0.019200 25.651998
0.019300 25.975577
0.019400 26.275058
0.019500 26.549876
0.019600 26.799499
0.019700 27.023434
0.019800 27.221220
0.019900 27.392436
0.020000 27.536696
0.020100 27.653655
0.020200 27.743002
0.020300 27.804469
0.020400 27.837824
0.020500 27.842878
0.020600 27.819479
0.020700 27.767517
0.020800 27.686920
0.020900 27.577658
0.021000 27.439742
0.021100 27.273222
0.021200 27.078188
0.021300 26.854772
0.021400 26.603144
0.021500 26.323516
0.021600 26.016137
0.021700 25.681298
0.021800 25.319325
0.021900 24.930585
0.022000 24.515483
0.022100 24.074459
0.022200 23.607991
0.022300 23.116594
0.022400 22.600815
0.022500 22.061238
0.022600 21.498480
0.022700 20.913191
0.022800 20.306050
0.022900 19.677771
0.023000 19.029095
0.023100 18.360793
0.023200 17.673662
0.023300 16.968528
0.023400 16.246240
0.023500 15.507674
0.023600 14.753725
0.023700 13.985312
0.023800 13.203376
0.023900 12.408873
0.024000 11.602780
0.024100 10.786089
0.024200 9.959807
0.024300 9.124953
0.024400 8.282561
0.024500 7.433674
0.024600 6.579342
0.024700 5.720627
0.024800 4.858593
0.024900 3.994311
0.025000 3.128854
0.025100 2.263297
0.025200 1.398714
0.025300 0.536179
0.025400 -0.323238
0.025500 -1.178471
0.025600 -2.028461
0.025700 -2.872156
0.025800 -3.708513
0.025900 -4.536499
0.026000 -5.355094
0.026100 -6.163291
0.026200 -6.960097
0.026300 -7.744538
0.026400 -8.515654
0.026500 -9.272507
0.026600 -10.014177
0.026700 -10.739768
0.026800 -11.448404
0.026900 -12.139237
0.027000 -12.811441
0.027100 -13.464217
0.027200 -14.096796
0.027300 -14.708434
0.027400 -15.298421
0.027500 -15.866074
0.027600 -16.410745
0.027700 -16.931815
0.027800 -17.428702
0.027900 -17.900858
0.028000 -18.347767
0.028100 -18.768952
0.028200 -19.163971
0.028300 -19.532421
0.028400 -19.873934
0.028500 -20.188183
0.028600 -20.474877
0.028700 -20.733767
0.028800 -20.964642
0.028900 -21.167329
0.029000 -21.341698
0.029100 -21.487659
0.029200 -21.605159
0.029300 -21.694189
0.029400 -21.754779
0.029500 -21.787000
0.029600 -21.790961
0.029700 -21.766814
0.029800 -21.714748
0.029900 -21.634995
0.030000 -21.527824
0.030100 -21.393542
0.030200 -21.232497
0.030300 -21.045072
0.030400 -20.831691
0.030500 -20.592810
0.030600 -20.328927
0.030700 -20.040569
0.030800 -19.728303
0.030900 -19.392727
0.031000 -19.034472
0.031100 -18.654202
0.031200 -18.252612
0.031300 -17.830427
0.031400 -17.388401
0.031500 -16.927316
0.031600 -16.447981
0.031700 -15.951231
0.031800 -15.437924
0.031900 -14.908944
0.032000 -14.365195
0.032100 -13.807603
0.032200 -13.237112
0.032300 -12.654685
0.032400 -12.061303
0.032500 -11.457960
0.032600 -10.845666
0.032700 -10.225441
0.032800 -9.598319
0.032900 -8.965342
0.033000 -8.327559
0.033100 -7.686028
0.033200 -7.041810
0.033300 -6.395970
0.033400 -5.749577
0.033500 -5.103698
0.033600 -4.459399
0.033700 -3.817746
0.033800 -3.179799
0.033900 -2.546612
0.034000 -1.919233
0.034100 -1.298702
0.034200 -0.686047
0.034300 -0.082286
0.034400 0.511576
0.034500 1.094549
0.034600 1.665659
0.034700 2.223948
0.034800 2.768477
0.034900 3.298328
0.035000 3.812602
0.035100 4.310426
0.035200 4.790947
0.035300 5.253339
0.035400 5.696801
0.035500 6.120560
0.035600 6.523873
0.035700 6.906022
0.035800 7.266324
0.035900 7.604125
0.036000 7.918805
0.036100 8.209774
0.036200 8.476480
0.036300 8.718404
0.036400 8.935062
0.036500 9.126008
0.036600 9.290832
0.036700 9.429161
0.036800 9.540661
0.036900 9.625036
0.037000 9.682030
0.037100 9.711424
0.037200 9.713043
0.037300 9.686746
0.037400 9.632437
0.037500 9.550059
0.037600 9.439593
0.037700 9.301064
0.037800 9.134535
0.037900 8.940110
0.038000 8.717932
0.038100 8.468187
0.038200 8.191096
0.038300 7.886924
0.038400 7.555972
0.038500 7.198581
0.038600 6.815129
0.038700 6.406032
0.038800 5.971743
0.038900 5.512752
0.039000 5.029583
0.039100 4.522796
0.039200 3.992986
0.039300 3.440779
0.039400 2.866835
0.039500 2.271844
0.039600 1.656529
0.039700 1.021641
0.039800 0.367957
0.039900 -0.303715
0.040000 -0.992542
0.040100 -1.697684
0.040200 -2.418244
0.040300 -3.153318
0.040400 -3.901981
0.040500 -4.663287
0.040600 -5.436274
0.040700 -6.219961
0.040800 -7.013351
0.040900 -7.815433
0.041000 -8.625185
0.041100 -9.441570
0.041200 -10.263543
0.041300 -11.090051
0.041400 -11.920032
0.041500 -12.752421
0.041600 -13.586146
0.041700 -14.420135
0.041800 -15.253313
0.041900 -16.084608
0.042000 -16.912948
0.042100 -17.737264
0.042200 -18.556495
0.042300 -19.369583
0.042400 -20.175481
0.042500 -20.973151
0.042600 -21.761564
0.042700 -22.539706
0.042800 -23.306575
0.042900 -24.061187
0.043000 -24.802571
0.043100 -25.529777
0.043200 -26.241874
0.043300 -26.937951
0.043400 -27.617120
0.043500 -28.278515
0.043600 -28.921296
0.043700 -29.544648
0.043800 -30.147783
0.043900 -30.729941
0.044000 -31.290392
0.044100 -31.828435
0.044200 -32.343401
0.044300 -32.834651
0.044400 -33.301583
0.044500 -33.743624
0.044600 -34.160240
0.044700 -34.550930
0.044800 -34.915229
0.044900 -35.252710
0.045000 -35.562982
0.045100 -35.845694
0.045200 -36.100532
0.045300 -36.327220
0.045400 -36.525524
0.045500 -36.695246
0.045600 -36.836231
0.045700 -36.948362
0.045800 -37.031564
0.045900 -37.085802
0.046000 -37.111079
0.046100 -37.107441
0.046200 -37.074975
0.046300 -37.013805
0.046400 -36.924098
0.046500 -36.806059
0.046600 -36.659933
0.046700 -36.486005
0.046800 -36.284597
0.046900 -36.056072
0.047000 -35.800827
0.047100 -35.519299
0.047200 -35.211961
0.047300 -34.879321
0.047400 -34.521924
0.047500 -34.140347
0.047600 -33.735203
0.047700 -33.307135
0.047800 -32.856821
0.047900 -32.384966
0.048000 -31.892309
0.048100 -31.379614
0.048200 -30.847675
0.048300 -30.297312
0.048400 -29.729369
0.048500 -29.144717
0.048600 -28.544248
0.048700 -27.928875
0.048800 -27.299534
0.048900 -26.657176
0.049000 -26.002774
0.049100 -25.337314
0.049200 -24.661799
0.049300 -23.977245
0.049400 -23.284679
0.049500 -22.585139
0.049600 -21.879673
0.049700 -21.169335
0.049800 -20.455187
0.049900 -19.738294
