0.000000 20.000000
0.000253 22.000000
0.000507 24.000000
0.000760 26.000000
0.001014 27.000000
0.001267 29.000000
0.001521 31.000000
0.001774 32.000000
0.002027 34.000000
0.002281 35.000000
0.002534 36.000000
0.002788 37.000000
0.003041 38.000000
0.003295 39.000000
0.003548 39.000000
0.003801 39.000000
0.004055 39.000000
0.004308 39.000000
0.004562 39.000000
0.004815 39.000000
0.005069 38.000000
0.005322 37.000000
0.005575 36.000000
0.005829 35.000000
0.006082 34.000000
0.006336 32.000000
0.006589 31.000000
0.006843 29.000000
0.007096 27.000000
0.007349 26.000000
0.007603 24.000000
0.007856 22.000000
0.008110 20.000000
0.008363 18.000000
0.008617 16.000000
0.008870 14.000000
0.009124 12.000000
0.009377 10.000000
0.009630 8.000000
0.009884 6.000000
0.010137 4.000000
0.010391 3.000000
0.010644 1.000000
0.010898 -0.000000
0.011151 -1.000000
0.011404 -2.000000
0.011658 -3.000000
0.011911 -4.000000
0.012165 -4.000000
0.012418 -5.000000
0.012672 -5.000000
0.012925 -5.000000
0.013178 -5.000000
0.013432 -4.000000
0.013685 -4.000000
0.013939 -3.000000
0.014192 -2.000000
0.014446 -1.000000
0.014699 -0.000000
0.014952 1.000000
0.015206 3.000000
0.015459 4.000000
0.015713 6.000000
0.015966 7.000000
0.016220 9.000000
0.016473 10.000000
0.016726 12.000000
0.016980 14.000000
0.017233 15.000000
0.017487 17.000000
0.017740 19.000000
0.017994 20.000000
0.018247 21.000000
0.018500 23.000000
0.018754 24.000000
0.019007 25.000000
0.019261 26.000000
0.019514 27.000000
0.019768 27.000000
0.020021 28.000000
0.020274 28.000000
0.020528 28.000000
0.020781 28.000000
0.021035 27.000000
0.021288 27.000000
0.021542 26.000000
0.021795 25.000000
0.022048 24.000000
0.022302 23.000000
0.022555 22.000000
0.022809 20.000000
0.023062 19.000000
0.023316 17.000000
0.023569 15.000000
0.023822 13.000000
0.024076 11.000000
0.024329 9.000000
0.024583 7.000000
0.024836 5.000000
0.025090 2.000000
0.025343 0.000000
0.025596 -2.000000
0.025850 -4.000000
0.026103 -6.000000
0.026357 -8.000000
0.026610 -10.000000
0.026864 -12.000000
0.027117 -14.000000
0.027370 -15.000000
0.027624 -17.000000
0.027877 -18.000000
0.028131 -19.000000
0.028384 -20.000000
0.028638 -21.000000
0.028891 -21.000000
0.029144 -22.000000
0.029398 -22.000000
0.029651 -22.000000
0.029905 -22.000000
0.030158 -21.000000
0.030412 -21.000000
0.030665 -20.000000
0.030918 -19.000000
0.031172 -18.000000
0.031425 -17.000000
0.031679 -16.000000
0.031932 -15.000000
0.032186 -13.000000
0.032439 -12.000000
0.032692 -10.000000
0.032946 -9.000000
0.033199 -7.000000
0.033453 -5.000000
0.033706 -4.000000
0.033960 -2.000000
0.034213 -1.000000
0.034466 1.000000
0.034720 2.000000
0.034973 4.000000
0.035227 5.000000
0.035480 6.000000
0.035734 7.000000
0.035987 8.000000
0.036240 9.000000
0.036494 9.000000
0.036747 9.000000
0.037001 10.000000
0.037254 10.000000
0.037508 10.000000
0.037761 9.000000
0.038015 9.000000
0.038268 8.000000
0.038521 7.000000
0.038775 6.000000
0.039028 5.000000
0.039282 4.000000
0.039535 2.000000
0.039789 0.000000
0.040042 -1.000000
0.040295 -3.000000
0.040549 -5.000000
0.040802 -7.000000
0.041056 -9.000000
0.041309 -11.000000
0.041563 -13.000000
0.041816 -15.000000
0.042069 -17.000000
0.042323 -20.000000
0.042576 -22.000000
0.042830 -24.000000
0.043083 -25.000000
0.043337 -27.000000
0.043590 -29.000000
0.043843 -30.000000
0.044097 -32.000000
0.044350 -33.000000
0.044604 -34.000000
0.044857 -35.000000
0.045111 -36.000000
0.045364 -36.000000
0.045617 -37.000000
0.045871 -37.000000
0.046124 -37.000000
0.046378 -37.000000
0.046631 -37.000000
0.046885 -36.000000
0.047138 -35.000000
0.047391 -35.000000
0.047645 -34.000000
0.047898 -32.000000
0.048152 -31.000000
0.048405 -30.000000
0.048659 -28.000000
0.048912 -27.000000
0.049165 -25.000000
0.049419 -23.000000
0.049672 -21.000000
0.049926 -20.000000
